10 50
197971506 714635866 966125570 768080799 80565655 459117401 256810168 775681305 582857561 948631706
437330820 321722967 531470304 255908811 45459908 504089816 695016247 91058795 905527130 30860430
151769562 979797105 619322493 298241991 360690308 480124392 297323928 284686636 922571073 627798362
753705854 712639027 721488863 69714419 485979799 88704853 758288417 423073188 595934547 86264514
272481811 622712481 221745114 225051881 433378197 985573661 210619166 851716760 283615535 834897126
366075547 933505674 858395194 490049033 22039836 361481447 735151983 518458804 422209788 28981946
907645400 111982636 978445563 686621115 486475154 734616351 587635888 527524079 454844580 826849288
868863954 490627044 967828344 887235558 138021910 435784230 343307056 118718683 547282350 757693154
32344652 101428952 585897722 693817619 790433406 848494439 873744405 604427602 951889915 989125209
865548541 642980476 603592935 911086893 466178404 79002814 902745597 825893950 147052664 805753279
